     1         1.000000
     2         0.493500
     3         0.670200
     4         0.625800
     5         0.627300
     6         0.626500
     7         0.629000
     8         0.634600
     9         0.631800
    10         0.626900
    20         0.634700
    30         0.624800
    40         0.629500
    50         0.634600
    60         0.633700
    70         0.626200
    80         0.628200
    90         0.626000
   100         0.630300
   200         0.637400
   300         0.624400
   400         0.630600
   500         0.633400
   600         0.645100
   700         0.635400
   800         0.631300
   900         0.628800
  1000         0.636900
  2000         0.623800
  3000         0.632800
  4000         0.628500
  5000         0.627800
  6000         0.633400
  7000         0.626500
  8000         0.621300
  9000         0.635300
 10000         0.631800
 20000         0.629600
 30000         0.631600
 40000         0.630500
 50000         0.630100
 60000         0.628200
 70000         0.632800
 80000         0.633400
 90000         0.634500
